[38;2;55;196;158m[48;2;55;196;158m [38;2;53;194;158m[48;2;53;194;158m [38;2;53;195;158m[48;2;53;195;158m [38;2;53;194;157m[48;2;53;194;157m [38;2;53;194;158m[48;2;53;194;158m [38;2;53;194;159m[48;2;53;194;159m  [38;2;54;194;158m[48;2;54;194;158m  [38;2;53;194;158m[48;2;53;194;158m   [38;2;53;194;159m[48;2;53;194;159m  [38;2;53;195;160m[48;2;53;195;160m [38;2;51;131;115m[48;2;54;195;160m [38;2;16;30;40m[48;2;54;194;160m▂[38;2;27;29;43m▂[38;2;61;48;56m[48;2;58;192;158m▃[38;2;57;40;48m[48;2;62;189;157m▃[38;2;56;40;49m[48;2;64;190;157m▃[38;2;55;42;55m[48;2;54;194;160m▃[38;2;25;29;42m[48;2;55;193;159m▂[38;2;14;32;40m[48;2;56;193;159m▂[38;2;36;122;105m[48;2;55;194;159m [38;2;55;194;159m [38;2;54;194;158m[48;2;54;194;158m [38;2;53;194;159m[48;2;53;194;159m  [38;2;54;195;160m[48;2;54;195;160m [38;2;53;195;158m[48;2;53;195;158m [38;2;53;194;159m[48;2;53;194;159m [38;2;53;194;158m[48;2;53;194;158m [38;2;53;194;159m[48;2;53;194;159m [38;2;53;195;158m[48;2;53;195;158m  [38;2;53;194;159m[48;2;53;194;159m   [38;2;52;195;161m[48;2;52;195;161m [0m
[38;2;54;197;159m[48;2;54;197;159m [38;2;52;194;159m[48;2;52;194;159m [38;2;53;195;158m[48;2;53;195;158m   [38;2;53;194;159m[48;2;53;194;159m  [38;2;53;195;158m[48;2;53;195;158m   [38;2;52;195;159m[48;2;52;195;159m [38;2;53;195;160m[48;2;53;195;160m [38;2;14;52;62m [38;2;70;54;63m[48;2;56;193;160m,[38;2;87;58;63m[48;2;116;156;132m#[38;2;192;132;105m[48;2;51;43;51m▅[38;2;223;139;105m[48;2;103;55;68m▆[38;2;237;163;117m[48;2;109;58;69m▆[38;2;242;177;128m[48;2;141;82;82m▆[38;2;242;181;134m[48;2;145;91;94m▆[38;2;242;180;132m[48;2;134;79;86m▆[38;2;241;178;128m[48;2;135;79;86m▆[38;2;235;160;117m[48;2;101;55;66m▆[38;2;221;141;105m[48;2;96;52;64m▅[38;2;190;131;105m[48;2;52;46;52m▅[38;2;82;53;63m[48;2;111;159;137mX[38;2;61;52;65m[48;2;60;193;159m▖[38;2;0;58;46m[48;2;55;195;159m [38;2;53;195;159m[48;2;53;195;159m [38;2;53;194;158m[48;2;53;194;158m  [38;2;53;194;159m[48;2;53;194;159m [38;2;53;194;158m[48;2;53;194;158m  [38;2;53;195;158m[48;2;53;195;158m     [38;2;51;196;161m[48;2;51;196;161m [0m
[38;2;55;196;157m[48;2;55;196;157m [38;2;53;194;157m[48;2;53;194;157m [38;2;53;194;158m[48;2;53;194;158m [38;2;53;195;157m[48;2;53;195;157m  [38;2;53;194;158m[48;2;53;194;158m [38;2;53;194;159m[48;2;53;194;159m [38;2;53;195;158m[48;2;53;195;158m [38;2;53;194;158m[48;2;53;194;158m [38;2;53;194;157m[48;2;53;194;157m [38;2;50;198;161m[48;2;50;198;161m [38;2;55;193;161m[48;2;29;32;46m▋[38;2;79;53;71m[48;2;154;131;115m◆[38;2;227;142;106m[48;2;151;83;81m▅[38;2;222;139;102m[48;2;241;173;126m▌[38;2;225;155;109m[48;2;251;197;147m [38;2;229;161;115m[48;2;249;205;158m [38;2;250;221;182m[48;2;247;194;143m▅[38;2;247;210;165m[48;2;249;225;191m▎[38;2;245;213;170m[48;2;251;228;196m/[38;2;251;227;193m[48;2;245;211;168m▋[38;2;249;230;201m[48;2;249;215;175m▃[38;2;250;220;180m[48;2;246;193;144m▅[38;2;250;215;173m[48;2;247;192;143m▖[38;2;224;152;108m[48;2;250;197;144m [38;2;238;171;124m[48;2;216;133;100m▋[38;2;220;138;107m[48;2;140;74;79m▅[38;2;75;49;63m[48;2;141;140;124m▚[38;2;27;31;46m[48;2;59;192;159mL[38;2;55;196;159m[48;2;55;196;159m [38;2;53;195;158m[48;2;53;195;158m      [38;2;53;195;157m[48;2;53;195;157m [38;2;53;195;158m[48;2;53;195;158m  [38;2;51;196;161m[48;2;51;196;161m [0m
[38;2;55;196;157m[48;2;55;196;157m [38;2;53;195;158m[48;2;53;195;158m [38;2;53;194;158m[48;2;53;194;158m   [38;2;53;194;159m[48;2;53;194;159m [38;2;53;195;158m[48;2;53;195;158m  [38;2;52;194;159m[48;2;52;194;159m [38;2;52;194;158m[48;2;52;194;158m [38;2;54;192;158m[48;2;14;24;37m▊[38;2;56;37;58m[48;2;135;89;94m▌[38;2;194;103;79m[48;2;230;140;102m▊[38;2;234;153;104m[48;2;249;192;143m▋[38;2;242;184;133m[48;2;250;214;172m─[38;2;250;220;180m[48;2;247;202;152m▅[38;2;248;213;169m[48;2;250;230;197m"[38;2;248;224;187m[48;2;250;235;209mI[38;2;250;237;213m[48;2;250;237;213m [38;2;249;237;211m[48;2;249;237;211m [38;2;247;229;196m[48;2;250;241;220m/[38;2;247;232;203ml[38;2;248;225;190m[48;2;250;236;210mi[38;2;246;211;167m[48;2;250;228;193m"[38;2;247;199;148m[48;2;251;219;178m}[38;2;250;214;172m[48;2;242;184;133m░[38;2;249;193;146m[48;2;233;153;110m▍[38;2;185;97;80m[48;2;226;135;104m#[38;2;115;102;102m[48;2;49;32;50m▍[38;2;12;33;41m[48;2;58;194;159m▎[38;2;54;194;158m[48;2;54;194;158m [38;2;53;195;158m[48;2;53;195;158m    [38;2;53;194;158m[48;2;53;194;158m [38;2;52;194;157m[48;2;52;194;157m [38;2;53;195;158m[48;2;53;195;158m  [38;2;50;196;161m[48;2;50;196;161m [0m
[38;2;55;196;157m[48;2;55;196;157m [38;2;54;195;157m[48;2;54;195;157m [38;2;53;195;157m[48;2;53;195;157m  [38;2;53;195;158m[48;2;53;195;158m [38;2;53;194;158m[48;2;53;194;158m [38;2;53;194;159m[48;2;53;194;159m  [38;2;52;195;159m[48;2;52;195;159m [38;2;51;197;161m[48;2;51;197;161m [38;2;55;193;162m[48;2;27;25;43m▍[38;2;94;45;70m[48;2;173;93;89m▋[38;2;227;136;100m[48;2;248;190;143m▊[38;2;249;199;147m[48;2;231;151;100m▅[38;2;228;156;110m[48;2;249;210;165m~[38;2;227;162;114m[48;2;250;218;177m_[38;2;229;162;115m[48;2;249;229;198m_[38;2;231;150;109m[48;2;250;239;214m▂[38;2;229;153;110m[48;2;250;238;212m▂[38;2;231;172;126m[48;2;250;240;219m_[38;2;230;172;122m[48;2;250;238;215m_[38;2;227;151;108m[48;2;250;238;216m▂[38;2;230;150;108m[48;2;250;237;212m▂[38;2;226;160;116m[48;2;250;228;195m_[38;2;227;159;112m[48;2;249;217;176m_[38;2;225;155;107m[48;2;249;208;160m-[38;2;249;193;144m[48;2;230;146;101m▅[38;2;181;96;73m[48;2;226;137;102m [38;2;171;93;91m[48;2;88;44;65m▍[38;2;20;24;39m[48;2;59;193;159m▋[38;2;55;195;159m[48;2;55;195;159m [38;2;53;194;159m[48;2;53;194;159m [38;2;53;194;158m[48;2;53;194;158m [38;2;53;195;158m[48;2;53;195;158m [38;2;53;194;159m[48;2;53;194;159m  [38;2;53;194;158m[48;2;53;194;158m [38;2;53;195;158m[48;2;53;195;158m  [38;2;51;196;160m[48;2;51;196;160m [0m
[38;2;54;197;158m[48;2;54;197;158m [38;2;53;195;158m[48;2;53;195;158m  [38;2;53;195;157m[48;2;53;195;157m [38;2;53;194;158m[48;2;53;194;158m [38;2;53;195;158m[48;2;53;195;158m [38;2;52;195;159m[48;2;52;195;159m [38;2;53;194;159m[48;2;53;194;159m [38;2;52;195;159m[48;2;52;195;159m [38;2;53;195;161m[48;2;53;195;161m [38;2;55;193;163m[48;2;29;25;44m▍[38;2;90;42;67m[48;2;178;87;85m▋[38;2;242;156;116m[48;2;217;112;85mY[38;2;227;128;88m[48;2;245;171;124m╲[38;2;233;141;94m[48;2;250;207;164mc[38;2;229;147;106m[48;2;249;234;209mc[38;2;227;147;107m[48;2;249;237;213mc[38;2;228;149;108m[48;2;250;235;212mc[38;2;228;151;109m[48;2;250;236;212mc[38;2;230;158;110m[48;2;251;241;224m_[38;2;228;157;113m[48;2;250;240;220m_[38;2;228;152;113m[48;2;249;236;211m_[38;2;228;149;108m[48;2;250;236;212mc[38;2;225;144;102m[48;2;250;234;210mc[38;2;229;145;102m[48;2;251;232;204mc[38;2;231;143;97m[48;2;251;204;157mc[38;2;246;172;129m[48;2;228;132;94m,[38;2;203;97;80m[48;2;228;137;101m▗[38;2;174;90;85m[48;2;86;41;67m▍[38;2;20;25;40m[48;2;59;194;157m▋[38;2;55;196;159m[48;2;55;196;159m [38;2;53;195;158m[48;2;53;195;158m    [38;2;53;194;159m[48;2;53;194;159m [38;2;53;195;158m[48;2;53;195;158m   [38;2;52;195;160m[48;2;52;195;160m [0m
[38;2;54;196;159m[48;2;54;196;159m [38;2;53;195;158m[48;2;53;195;158m [38;2;53;194;158m[48;2;53;194;158m [38;2;53;195;158m[48;2;53;195;158m [38;2;52;194;157m[48;2;52;194;157m [38;2;53;194;158m[48;2;53;194;158m [38;2;52;195;159m[48;2;52;195;159m [38;2;49;197;159m[48;2;49;197;159m [38;2;12;47;45m[48;2;53;195;160m [38;2;3;49;41m[48;2;53;196;160m [38;2;56;193;163m[48;2;28;24;44m▍[38;2;126;72;87m[48;2;85;38;63m[[38;2;161;73;73m[48;2;210;106;85m▎[38;2;218;117;84m[48;2;247;180;131m▎[38;2;192;111;74m[48;2;248;209;171mT[38;2;250;230;201m[48;2;208;131;90m▅[38;2;250;230;198m[48;2;232;167;116m▅[38;2;249;232;203m[48;2;225;150;105m┬[38;2;231;170;126m[48;2;250;235;208m=[38;2;250;230;203m[48;2;219;145;105m┬[38;2;249;229;200m[48;2;218;148;108m┬[38;2;229;165;123m[48;2;250;233;205m=[38;2;229;159;111m[48;2;249;231;202m▎[38;2;250;230;197m[48;2;225;161;113m▅[38;2;250;230;198m[48;2;208;136;93m▅[38;2;203;120;82m[48;2;248;210;167mT[38;2;217;115;84m[48;2;245;178;129m@[38;2;207;105;86m[48;2;127;55;66m▊[38;2;114;72;89m[48;2;81;38;64m([38;2;22;25;41m[48;2;60;195;159m▋[38;2;3;43;39m[48;2;55;195;159m [38;2;5;41;43m[48;2;54;195;159m [38;2;59;196;158m[48;2;59;196;158m [38;2;53;195;158m[48;2;53;195;158m    [38;2;53;194;159m[48;2;53;194;159m [38;2;54;195;160m[48;2;54;195;160m [38;2;52;196;161m[48;2;52;196;161m [0m
[38;2;54;195;158m[48;2;54;195;158m [38;2;53;194;158m[48;2;53;194;158m [38;2;53;195;158m[48;2;53;195;158m   [38;2;53;194;159m[48;2;53;194;159m  [38;2;50;197;162m[48;2;50;197;162m [38;2;55;26;38m[48;2;150;148;126m┬[38;2;63;41;46m[48;2;200;195;163mO[38;2;165;178;144m[48;2;37;22;37m▍[38;2;214;220;227m[48;2;80;44;58m─[38;2;224;194;182m[48;2;94;52;59m}[38;2;222;174;156m[48;2;79;37;46m^[38;2;227;165;132m[48;2;77;42;49m○[38;2;225;187;171m[48;2;69;42;52m*[38;2;72;41;57m[48;2;244;230;220m▅[38;2;67;32;48m[48;2;235;204;183m▆[38;2;54;35;46m[48;2;228;195;174m┬[38;2;226;178;152m[48;2;108;60;54m◢[48;2;99;59;58mL[38;2;55;33;44m[48;2;231;199;179m┬[38;2;237;202;180m[48;2;64;32;46mi[38;2;237;241;240m[48;2;76;44;58m○[38;2;223;191;174m[48;2;71;45;54m◇[38;2;230;171;142m[48;2;81;44;49m○[38;2;229;180;168m[48;2;78;37;49m^[38;2;220;196;189m[48;2;98;54;61m{[38;2;204;214;221m[48;2;73;43;58m-[38;2;168;177;147m[48;2;36;25;38m;[38;2;52;35;40m[48;2;202;189;155m▗[38;2;50;24;40m[48;2;132;153;129m┬[38;2;58;194;158m[48;2;58;194;158m [38;2;53;194;159m[48;2;53;194;159m [38;2;53;194;158m[48;2;53;194;158m [38;2;53;195;158m[48;2;53;195;158m [38;2;53;194;158m[48;2;53;194;158m [38;2;53;195;157m[48;2;53;195;157m [38;2;53;194;158m[48;2;53;194;158m [38;2;52;195;161m[48;2;52;195;161m [0m
[38;2;54;196;157m[48;2;54;196;157m [38;2;53;194;158m[48;2;53;194;158m  [38;2;53;195;158m[48;2;53;195;158m  [38;2;52;194;157m[48;2;52;194;157m [38;2;53;194;159m[48;2;53;194;159m [38;2;53;195;160m[48;2;53;195;160m [38;2;31;26;34m[48;2;170;152;131m[[38;2;231;138;116m[48;2;115;37;50m([38;2;216;135;103m[48;2;51;24;40m▘[38;2;223;145;116m[48;2;104;54;66m▂[38;2;75;41;47m[48;2;218;165;135m▍[38;2;226;166;136m[48;2;68;32;35m▓[38;2;229;157;124m[48;2;91;46;54m▅[38;2;236;191;156m[48;2;46;114;146m▆[38;2;236;173;129m[48;2;83;109;126m▆[38;2;223;137;100m[48;2;106;44;49m▆[38;2;154;95;89m[48;2;46;26;41m▎[38;2;172;95;71m[48;2;248;212;179m▎[38;2;244;203;169m[48;2;144;74;71m▊[38;2;166;100;91m[48;2;53;28;44m╳[38;2;222;137;101m[48;2;82;38;45m▆[38;2;233;171;126m[48;2;60;125;163m▆[38;2;33;111;143m[48;2;232;189;150m`[38;2;227;153;114m[48;2;88;40;45m▅[38;2;71;34;39m[48;2;228;167;139mV[38;2;217;173;146m[48;2;70;44;53m&[38;2;214;140;118m[48;2;101;49;65m_[38;2;217;124;108m[48;2;60;25;43m'[38;2;231;146;113m[48;2;107;35;42m][38;2;19;21;28m[48;2;145;154;128m][38;2;54;194;156m[48;2;54;194;156m [38;2;53;195;158m[48;2;53;195;158m [38;2;53;194;157m[48;2;53;194;157m [38;2;53;194;159m[48;2;53;194;159m [38;2;53;194;158m[48;2;53;194;158m  [38;2;52;194;157m[48;2;52;194;157m [38;2;50;197;161m[48;2;50;197;161m [0m
[38;2;55;196;158m[48;2;55;196;158m [38;2;53;195;158m[48;2;53;195;158m  [38;2;53;194;157m[48;2;53;194;157m [38;2;53;195;158m[48;2;53;195;158m [38;2;53;194;158m[48;2;53;194;158m  [38;2;56;193;161m[48;2;56;193;161m [38;2;67;182;152m[48;2;37;33;41m▌[38;2;226;145;119m[48;2;120;50;51m[[38;2;225;152;130m[48;2;54;25;35m#[38;2;75;39;52m[48;2;198;111;87m▙[38;2;62;39;39m[48;2;224;154;116m'[38;2;69;49;58m[48;2;245;216;181m▂[38;2;57;32;36m[48;2;235;203;172m [38;2;248;225;192m[48;2;130;81;72m▅[38;2;244;222;189m[48;2;119;70;62m◆[38;2;101;57;61m[48;2;233;187;157m╱[38;2;211;110;85m[48;2;100;49;54m▆[38;2;234;159;110m[48;2;250;231;205m▎[38;2;248;229;203m[48;2;237;152;118m▋[38;2;98;46;53m[48;2;209;113;87m`[38;2;105;62;63m[48;2;239;197;171mV[38;2;114;59;57m[48;2;243;215;185m▂[38;2;129;81;70m[48;2;247;223;191m○[38;2;69;53;53m[48;2;240;207;173m [38;2;80;51;62m[48;2;245;218;182m▂[38;2;60;38;41m[48;2;222;145;117m┘[38;2;193;106;93m[48;2;69;35;51m▘[38;2;71;26;37m[48;2;231;163;133m@[38;2;125;54;53m[48;2;222;150;116m▏[38;2;28;33;37m[48;2;61;187;156m▘[38;2;55;194;159m[48;2;55;194;159m [38;2;54;194;157m[48;2;54;194;157m [38;2;54;195;157m[48;2;54;195;157m [38;2;53;195;158m[48;2;53;195;158m  [38;2;53;194;159m[48;2;53;194;159m [38;2;52;195;159m[48;2;52;195;159m [38;2;51;196;161m[48;2;51;196;161m [0m
[38;2;54;196;158m[48;2;54;196;158m [38;2;53;195;158m[48;2;53;195;158m [38;2;53;194;159m[48;2;53;194;159m [38;2;53;195;158m[48;2;53;195;158m    [38;2;53;194;158m[48;2;53;194;158m [38;2;52;195;162m[48;2;52;195;162m [38;2;24;26;34m[48;2;119;134;118m\[38;2;123;52;50m[48;2;227;157;127m◇[38;2;240;204;183m[48;2;70;32;57m▏[38;2;113;45;60m[48;2;216;123;94m▙[38;2;228;138;105m[48;2;136;56;61m┼[38;2;236;174;135m[48;2;144;63;60m▆[38;2;248;226;195m[48;2;134;64;60m▆[38;2;159;83;62m[48;2;247;220;188m,[38;2;129;57;55m[48;2;235;190;158m◆[38;2;211;113;91m[48;2;70;25;43m▀[38;2;82;31;45m[48;2;243;194;160m▃[38;2;86;35;44m[48;2;242;193;158m▃[38;2;215;124;94m[48;2;74;28;39m▀[38;2;126;50;58m[48;2;237;188;161m[[38;2;143;71;58m[48;2;245;213;184m▖[38;2;248;223;190m[48;2;127;60;57m▆[38;2;235;168;130m[48;2;137;59;55m▆[38;2;151;61;65m[48;2;232;140;105m▃[38;2;204;111;94m[48;2;105;42;57m▘[38;2;69;31;54m[48;2;204;154;137m▊[38;2;234;165;133m[48;2;148;67;60m<[38;2;25;27;31m[48;2;100;158;135m/[38;2;57;193;159m[48;2;57;193;159m [38;2;53;194;158m[48;2;53;194;158m  [38;2;53;195;158m[48;2;53;195;158m  [38;2;53;194;158m[48;2;53;194;158m  [38;2;53;195;158m[48;2;53;195;158m [38;2;52;195;161m[48;2;52;195;161m [0m
[38;2;55;196;158m[48;2;55;196;158m [38;2;53;195;158m[48;2;53;195;158m   [38;2;53;195;157m[48;2;53;195;157m  [38;2;53;195;158m[48;2;53;195;158m [38;2;53;194;158m[48;2;53;194;158m [38;2;52;195;158m[48;2;52;195;158m [38;2;17;40;40m[48;2;53;193;159m [38;2;92;57;55m[48;2;100;172;141m"[38;2;73;176;154m[48;2;61;32;48m▎[38;2;225;148;118m[48;2;160;73;72m^[38;2;207;122;98m[48;2;112;42;52m│[38;2;136;56;52m[48;2;225;129;95m![38;2;231;163;124m[48;2;82;34;34m▍[38;2;98;39;37m[48;2;228;151;106m▎[38;2;82;33;35m[48;2;225;157;113m▅[38;2;39;19;35m[48;2;96;41;41m"[38;2;75;31;41m[48;2;20;12;33m)[38;2;20;15;33m[48;2;78;29;40m▀[38;2;160;87;80m[48;2;73;31;37m [38;2;86;33;35m[48;2;230;161;120m▅[38;2;230;161;121m[48;2;103;41;38m▘[38;2;84;34;33m[48;2;234;165;119m▖[38;2;145;64;57m[48;2;224;133;95m/[38;2;215;131;102m[48;2;113;43;52m`[38;2;220;135;110m[48;2;159;69;71m▍[38;2;57;31;48m[48;2;82;169;147m▋[38;2;67;51;48m[48;2;102;171;140m<[38;2;2;45;37m[48;2;53;193;158m [38;2;53;195;158m[48;2;53;195;158m [38;2;53;194;158m[48;2;53;194;158m  [38;2;53;195;158m[48;2;53;195;158m   [38;2;53;195;157m[48;2;53;195;157m  [38;2;52;195;159m[48;2;52;195;159m [0m
[38;2;54;197;159m[48;2;54;197;159m [38;2;53;195;160m[48;2;53;195;160m [38;2;53;194;159m[48;2;53;194;159m [38;2;53;194;157m[48;2;53;194;157m [38;2;53;194;158m[48;2;53;194;158m [38;2;53;195;158m[48;2;53;195;158m   [38;2;53;194;159m[48;2;53;194;159m  [38;2;49;195;159m[48;2;49;195;159m [38;2;52;193;160m[48;2;19;28;40m▋[38;2;103;43;55m[48;2;187;100;92m┤[38;2;233;152;112m[48;2;81;33;45m▋[38;2;197;117;96m[48;2;52;24;36m▌[38;2;39;18;35m[48;2;71;28;36m▃[38;2;162;83;75m[48;2;39;20;33m_[38;2;216;141;104m[48;2;38;19;33m▃[38;2;225;167;129m[48;2;27;17;33m▃[38;2;230;177;146m[48;2;36;22;36m▃[38;2;226;176;143m[48;2;36;20;34m▃[38;2;226;166;130m[48;2;23;16;33m▃[38;2;220;140;108m[48;2;39;19;36m▃[38;2;158;85;80m[48;2;38;19;35m_[38;2;162;116;119m[48;2;57;24;37m [38;2;62;26;37m[48;2;201;118;97m▌[38;2;92;34;45m[48;2;231;150;114m▍[38;2;93;40;52m[48;2;184;97;90m▚[38;2;11;22;30m[48;2;57;191;157m▍[38;2;54;194;158m[48;2;54;194;158m [38;2;52;194;159m[48;2;52;194;159m [38;2;53;195;158m[48;2;53;195;158m [38;2;53;194;158m[48;2;53;194;158m    [38;2;53;195;158m[48;2;53;195;158m [38;2;53;194;158m[48;2;53;194;158m [38;2;53;195;158m[48;2;53;195;158m [38;2;51;196;161m[48;2;51;196;161m [0m
[38;2;55;197;158m[48;2;55;197;158m [38;2;54;194;159m[48;2;54;194;159m [38;2;53;194;159m[48;2;53;194;159m [38;2;53;195;158m[48;2;53;195;158m   [38;2;53;194;158m[48;2;53;194;158m  [38;2;53;195;157m[48;2;53;195;157m [38;2;53;194;159m[48;2;53;194;159m [38;2;52;195;160m[48;2;52;195;160m [38;2;61;190;161m[48;2;61;190;161m [38;2;55;189;159m[48;2;40;25;41m▌[38;2;193;105;90m[48;2;75;29;43m"[38;2;150;85;87m[48;2;42;21;37m[[38;2;54;22;36m[48;2;22;15;36m▍[38;2;81;30;36m[48;2;211;117;84m▖[38;2;60;31;34m[48;2;226;133;87m▂[38;2;220;130;89m[48;2;66;28;33m▘[38;2;44;20;32m[48;2;133;62;54m▆[38;2;51;24;34m[48;2;127;57;51m▅[38;2;61;27;32m[48;2;218;125;91m▙[38;2;65;27;29m[48;2;226;128;88m▂[38;2;57;23;32m[48;2;209;121;90m▗[38;2;23;17;35m[48;2;52;21;36m▌[38;2;198;127;124m[48;2;52;24;43m][38;2;188;93;87m[48;2;73;29;46m▀[38;2;42;25;39m[48;2;59;184;153m▍[38;2;64;194;162m[48;2;64;194;162m [38;2;54;195;159m[48;2;54;195;159m [38;2;53;195;157m[48;2;53;195;157m [38;2;53;195;156m[48;2;53;195;156m  [38;2;53;195;158m[48;2;53;195;158m [38;2;53;194;158m[48;2;53;194;158m  [38;2;53;195;158m[48;2;53;195;158m  [38;2;53;194;159m[48;2;53;194;159m [38;2;51;196;161m[48;2;51;196;161m [0m
[38;2;54;197;159m[48;2;54;197;159m [38;2;54;195;159m[48;2;54;195;159m [38;2;53;195;158m[48;2;53;195;158m [38;2;53;194;158m[48;2;53;194;158m [38;2;53;195;157m[48;2;53;195;157m [38;2;53;194;159m[48;2;53;194;159m  [38;2;53;194;158m[48;2;53;194;158m [38;2;52;195;159m[48;2;52;195;159m [38;2;13;38;47m[48;2;53;194;159m [38;2;21;40;46m[48;2;73;173;147m┌[38;2;70;170;146m[48;2;27;39;55m┘[38;2;21;19;38m[48;2;126;72;80m▊[38;2;135;52;64m[48;2;41;16;38m▖[38;2;60;31;47m[48;2;20;15;35m▘[38;2;41;21;38m[48;2;41;21;38m [38;2;55;25;34m[48;2;113;50;46m][38;2;160;92;71m[48;2;93;37;36m [38;2;112;48;42m[48;2;78;31;32m●[38;2;84;33;35m[48;2;111;47;40m▀[38;2;108;47;43m[48;2;83;30;33m▍[38;2;110;47;42m[48;2;79;29;33m◇[38;2;176;101;80m[48;2;91;36;37m [38;2;153;81;73m[48;2;68;28;37m [38;2;39;20;38m[48;2;39;20;38m [38;2;20;14;34m[48;2;66;26;48m▙[38;2;137;53;64m[48;2;43;17;38m▗[38;2;125;100;106m[48;2;21;23;41m▏[38;2;29;43;56m[48;2;69;178;152m▙[38;2;14;30;38m[48;2;74;171;146m┌[38;2;1;43;42m[48;2;54;195;159m [38;2;53;195;158m[48;2;53;195;158m  [38;2;53;194;159m[48;2;53;194;159m  [38;2;53;194;158m[48;2;53;194;158m  [38;2;53;195;158m[48;2;53;195;158m [38;2;53;194;159m[48;2;53;194;159m [38;2;52;196;161m[48;2;52;196;161m [0m
[38;2;54;196;157m[48;2;54;196;157m [38;2;53;195;157m[48;2;53;195;157m [38;2;53;194;159m[48;2;53;194;159m [38;2;53;194;158m[48;2;53;194;158m [38;2;52;194;157m[48;2;52;194;157m [38;2;53;194;158m[48;2;53;194;158m [38;2;53;195;158m[48;2;53;195;158m [38;2;52;196;160m[48;2;52;196;160m [38;2;16;72;63m[48;2;54;195;160m [38;2;17;41;43m[48;2;88;180;154m)[38;2;37;48;51m[48;2;144;147;132m▎[38;2;87;103;106m[48;2;16;24;43m,[38;2;35;20;37m[48;2;149;68;73m▊[38;2;118;42;53m[48;2;180;77;77m░[38;2;170;70;75m[48;2;48;18;42m▍[38;2;56;22;46m[48;2;19;15;38m▖[38;2;12;15;34m[48;2;30;25;42m▆[38;2;12;16;35m[48;2;46;24;36m▅[38;2;11;16;35m[48;2;39;22;34m▆[38;2;12;17;35m[48;2;57;27;36m▅[38;2;11;17;35m[48;2;51;26;37m▅[38;2;32;21;38m[48;2;10;15;34m▀[38;2;9;15;34m[48;2;40;22;38m▅[38;2;28;21;40m[48;2;11;14;35m▘[38;2;58;23;46m[48;2;19;15;37m▗[38;2;50;20;39m[48;2;168;73;71m▋[38;2;108;37;48m[48;2;171;75;70m,[38;2;164;80;79m[48;2;30;16;36m▏[38;2;81;95;97m[48;2;14;24;41m,[38;2;18;23;35m[48;2;141;146;133m [38;2;11;39;41m[48;2;85;182;156ml[38;2;14;69;61m[48;2;55;196;160m [38;2;54;196;161m[48;2;54;196;161m [38;2;53;194;159m[48;2;53;194;159m [38;2;53;194;158m[48;2;53;194;158m [38;2;53;194;159m[48;2;53;194;159m [38;2;53;195;158m[48;2;53;195;158m  [38;2;53;194;159m[48;2;53;194;159m [38;2;51;196;161m[48;2;51;196;161m [0m
[38;2;54;196;157m[48;2;54;196;157m [38;2;52;195;159m[48;2;52;195;159m [38;2;51;195;160m[48;2;51;195;160m [38;2;3;47;43m[48;2;53;195;159m [38;2;10;40;43m[48;2;56;195;160m [38;2;15;42;43m[48;2;73;192;160m_[38;2;10;31;31m[48;2;112;187;160m~[38;2;20;42;46m[48;2;127;169;148m"[38;2;21;33;42m[48;2;125;147;136m[[38;2;166;179;163m[48;2;116;134;119m][38;2;169;176;158m[48;2;117;141;121m◢[38;2;13;19;36m[48;2;132;147;135m"[38;2;151;124;121m[48;2;23;19;36m'[38;2;91;29;39m[48;2;168;77;72m◢[38;2;180;79;77m[48;2;103;33;44m▒[38;2;73;24;45m[48;2;177;80;73m▀[38;2;149;72;74m[48;2;58;23;46m_[38;2;80;28;49m[48;2;27;14;38m▃[38;2;75;28;52m[48;2;18;15;37m▂[38;2;50;21;44m[48;2;14;14;37m┐[38;2;49;20;43m[48;2;15;14;36m┌[38;2;81;30;54m[48;2;20;15;38m▂[38;2;80;29;51m[48;2;29;16;39m▂[38;2;151;64;76m[48;2;62;23;44m [38;2;181;77;73m[48;2;77;25;44m▃[38;2;107;37;44m[48;2;179;79;72m┌[38;2;179;81;80m[48;2;95;32;42m*[38;2;145;130;124m[48;2;17;18;34m'[38;2;13;26;38m[48;2;138;152;136m"[38;2;167;176;156m[48;2;119;140;121m◢[38;2;158;174;155m[48;2;100;124;115m[[38;2;20;34;41m[48;2;122;146;135m][38;2;19;36;36m[48;2;130;172;152m"[38;2;11;32;37m[48;2;109;185;158m~[38;2;14;39;43m[48;2;70;189;159m_[38;2;9;40;41m[48;2;55;194;160m [38;2;12;69;59m[48;2;55;194;159m [38;2;54;195;159m[48;2;54;195;159m [38;2;52;195;159m[48;2;52;195;159m [38;2;52;195;161m[48;2;52;195;161m [0m
[38;2;11;41;39m[48;2;68;194;160m,[38;2;16;36;41m[48;2;88;185;156m-[38;2;15;38;41m[48;2;108;181;155m─[38;2;18;43;40m[48;2;133;166;148m`[38;2;33;37;46m[48;2;164;175;158m [38;2;132;143;126m[48;2;204;210;187mL[38;2;135;147;128m[48;2;193;202;181m][38;2;24;35;43m[48;2;138;151;137m▗[38;2;18;25;37m[48;2;136;146;131m▘[38;2;182;190;171m[48;2;133;149;129m][38;2;120;141;119m[48;2;175;183;164m[[38;2;183;191;172m[48;2;131;143;126m┼[38;2;141;157;142m[48;2;30;42;50m▆[38;2;29;24;38m[48;2;115;116;108m▀[38;2;230;238;243m[48;2;107;49;53m_[38;2;247;244;244m[48;2;151;64;61m_[38;2;244;239;239m[48;2;144;62;65m_[38;2;238;233;236m[48;2;98;38;56m_[38;2;62;23;44m[48;2;150;59;69m▀[38;2;88;33;53m[48;2;33;16;37m├[38;2;97;33;58m[48;2;33;17;38m|[38;2;79;27;46m[48;2;160;69;70m▊[38;2;237;234;236m[48;2;94;38;52m_[38;2;243;236;234m[48;2;156;64;67m_[38;2;246;245;242m[48;2;143;60;60m_[38;2;235;239;239m[48;2;105;52;54m_[38;2;28;22;35m[48;2;109;115;110m┴[38;2;144;156;140m[48;2;28;38;49m▆[38;2;180;190;169m[48;2;133;145;129m├[38;2;123;147;123m[48;2;172;182;161m][38;2;131;149;128m[48;2;185;192;172m@[38;2;135;143;130m[48;2;20;29;43m▙[38;2;28;41;50m[48;2;149;157;141m▖[38;2;197;207;185m[48;2;136;148;130m│[38;2;200;207;184m[48;2;128;140;123m░[38;2;28;38;39m[48;2;164;176;156m [38;2;29;52;49m[48;2;132;167;147m"[38;2;16;37;42m[48;2;106;181;154m─[38;2;16;37;39m[48;2;92;185;156m-[38;2;12;39;41m[48;2;67;193;163m_[0m
[38;2;102;122;108m[48;2;176;187;165m─[38;2;144;157;135m[48;2;201;207;177m┴[38;2;201;209;183m[48;2;148;160;139mT[38;2;200;210;186m[48;2;143;156;136mT[38;2;209;217;193m[48;2;155;168;146mT[38;2;153;165;142m[48;2;210;216;190m─[38;2;149;163;142m[48;2;201;209;186m][38;2;17;26;34m[48;2;133;150;136m][38;2;98;119;106m[48;2;153;162;145mL[38;2;197;208;186m[48;2;143;156;136m][38;2;11;20;29m[48;2;159;168;149m_[38;2;157;167;148m[48;2;11;18;34m▀[38;2;9;16;34m[48;2;134;147;134m▅[38;2;129;147;136m[48;2;10;21;33m└[38;2;22;35;45m[48;2;125;145;137m"[38;2;62;83;86m[48;2;166;179;171m▙[38;2;49;70;73m[48;2;205;214;205m_[38;2;47;40;55m[48;2;209;215;208m [38;2;39;36;54m[48;2;217;222;217m [38;2;31;23;41m[48;2;223;226;224m [38;2;30;25;43m[48;2;222;227;223m [38;2;45;36;55m[48;2;216;222;217m [38;2;72;61;76m[48;2;207;215;207m [38;2;47;70;75m[48;2;202;212;202m▗[38;2;165;177;166m[48;2;56;83;83m▚[38;2;27;44;51m[48;2;130;152;139m\[38;2;139;155;142m[48;2;10;18;35m┘[38;2;8;16;34m[48;2;133;146;130m▅[38;2;154;168;150m[48;2;11;18;35m▀[38;2;13;22;31m[48;2;156;166;146m_[38;2;199;209;187m[48;2;142;155;137m#[38;2;101;123;107m[48;2;151;163;144mI[38;2;10;20;31m[48;2;139;152;135m[[38;2;204;214;190m[48;2;150;162;142m|[38;2;151;165;141m[48;2;209;215;190m─[38;2;209;216;192m[48;2;154;167;145m[[38;2;142;157;136m[48;2;197;207;184m{[38;2;201;207;182m[48;2;145;156;136mI[38;2;147;159;138m[48;2;204;210;182m─[38;2;108;126;113m[48;2;178;189;167m─[0m
[38;2;42;54;50m[48;2;179;191;170m [38;2;28;40;34m[48;2;186;197;174m [38;2;27;39;34m[48;2;179;191;171m [38;2;30;41;38m[48;2;174;186;167m [38;2;29;41;34m[48;2;184;195;175m [38;2;26;37;30m[48;2;187;196;172m [38;2;33;41;40m[48;2;179;190;169m [38;2;136;153;141m[48;2;22;32;41m▌[38;2;18;29;41m[48;2;130;145;134m▅[38;2;17;27;40m[48;2;128;146;135m●[38;2;122;138;128m[48;2;21;34;46m▖[38;2;26;38;49m[48;2;126;141;129m▀[38;2;128;138;127m[48;2;26;34;46m▅[38;2;114;127;122m[48;2;27;39;51m_[38;2;114;130;129m[48;2;19;30;46m┌[38;2;15;23;39m[48;2;141;158;139m▅[38;2;11;19;32m[48;2;136;155;139m▃[38;2;75;92;88m[48;2;213;223;219m%[38;2;49;63;69m[48;2;226;231;229m▃[38;2;34;42;45m[48;2;235;239;239m [38;2;42;48;50m[48;2;235;239;238m [38;2;40;55;59m[48;2;226;233;230m,[38;2;64;81;82m[48;2;203;212;203m#[38;2;12;19;35m[48;2;136;154;142m▃[38;2;16;24;39m[48;2;152;161;140m▅[38;2;130;143;138m[48;2;21;31;45m┌[38;2;120;132;127m[48;2;27;38;51m▖[38;2;132;141;128m[48;2;24;34;46m▅[38;2;33;45;57m[48;2;131;143;132m▀[38;2;122;138;127m[48;2;21;34;46m_[38;2;17;27;41m[48;2;133;155;146m●[38;2;20;30;43m[48;2;129;144;134m▅[38;2;24;33;41m[48;2;145;158;141m▌[38;2;33;40;34m[48;2;178;189;169m [38;2;35;42;38m[48;2;187;197;175m [38;2;32;39;36m[48;2;188;198;176m [38;2;28;39;35m[48;2;171;184;165m [38;2;30;41;37m[48;2;178;189;169m [38;2;27;38;33m[48;2;192;200;177m [38;2;31;44;38m[48;2;178;189;166m [0m
